0 4 5
0 8 8
0 14 9
0 17 3
0 18 3
0 19 4
1 2 7
1 5 4
1 10 4
1 11 2
1 13 8
1 14 7
1 17 1
1 18 1
1 19 7
2 3 7
2 4 1
2 6 5
2 7 9
2 8 9
2 9 4
2 10 8
2 14 4
2 15 4
2 16 8
2 17 4
2 18 8
2 19 3
3 4 2
3 5 4
3 7 7
3 8 1
3 9 1
3 12 5
3 13 3
3 14 6
3 15 8
3 17 2
3 19 2
4 6 5
4 7 2
4 10 2
4 11 9
4 13 5
4 14 9
4 17 4
4 18 6
5 6 9
5 9 1
5 10 8
5 11 8
5 13 7
5 14 2
5 15 6
5 18 1
6 10 4
7 8 1
7 9 1
7 10 1
7 13 4
7 14 5
7 16 9
8 11 6
8 13 6
8 16 9
8 17 4
8 18 3
9 11 6
9 12 6
9 13 4
10 11 9
10 12 8
10 15 1
10 16 2
10 17 3
10 18 8
10 19 7
11 12 3
11 13 5
11 14 6
11 15 3
11 16 2
11 17 2
11 18 3
11 19 3
12 15 7
12 17 7
12 18 8
12 19 7
13 14 1
13 15 5
13 16 4
13 17 8
13 19 6
14 15 1
14 16 4
14 17 3
14 19 2
15 16 6
15 17 9
15 19 2
16 17 4
17 19 4
